### ### ### ### 
  # # #   #   # 
### # # ### ### 
#   # # #     # 
### ### ### ### 

ъМБЮПЭ
 ом бр яп вр ор яа бя
                    1
  2  3  4  5  6  7  8
  9 10 11 12 13 14 15
 16 17 18 19 20 21 22
 23 24 25 26 27 28 29
 30 31
тЕБПЮКЭ
 ом бр яп вр ор яа бя
        1  2  3  4  5
  6  7  8  9 10 11 12
 13 14 15 16 17 18 19
 20 21 22 23 24 25 26
 27 28
лЮПР
 ом бр яп вр ор яа бя
        1  2  3  4  5
  6  7  8  9 10 11 12
 13 14 15 16 17 18 19
 20 21 22 23 24 25 26
 27 28 29 30 31
юОПЕКЭ
 ом бр яп вр ор яа бя
                 1  2
  3  4  5  6  7  8  9
 10 11 12 13 14 15 16
 17 18 19 20 21 22 23
 24 25 26 27 28 29 30

лЮИ
 ом бр яп вр ор яа бя
  1  2  3  4  5  6  7
  8  9 10 11 12 13 14
 15 16 17 18 19 20 21
 22 23 24 25 26 27 28
 29 30 31
хЧМЭ
 ом бр яп вр ор яа бя
           1  2  3  4
  5  6  7  8  9 10 11
 12 13 14 15 16 17 18
 19 20 21 22 23 24 25
 26 27 28 29 30
хЧКЭ
 ом бр яп вр ор яа бя
                 1  2
  3  4  5  6  7  8  9
 10 11 12 13 14 15 16
 17 18 19 20 21 22 23
 24 25 26 27 28 29 30
 31
юБЦСЯР
 ом бр яп вр ор яа бя
     1  2  3  4  5  6
  7  8  9 10 11 12 13
 14 15 16 17 18 19 20
 21 22 23 24 25 26 27
 28 29 30 31
яЕМРЪАПЭ
 ом бр яп вр ор яа бя
              1  2  3
  4  5  6  7  8  9 10
 11 12 13 14 15 16 17
 18 19 20 21 22 23 24
 25 26 27 28 29 30
нЙРЪАПЭ
 ом бр яп вр ор яа бя
                    1
  2  3  4  5  6  7  8
  9 10 11 12 13 14 15
 16 17 18 19 20 21 22
 23 24 25 26 27 28 29
 30 31
мНЪАПЭ
 ом бр яп вр ор яа бя
        1  2  3  4  5
  6  7  8  9 10 11 12
 13 14 15 16 17 18 19
 20 21 22 23 24 25 26
 27 28 29 30
дЕЙЮАПЭ
 ом бр яп вр ор яа бя
              1  2  3
  4  5  6  7  8  9 10
 11 12 13 14 15 16 17
 18 19 20 21 22 23 24
 25 26 27 28 29 30 31

