███ ███ ███ ███ 
  █ █ █   █   █ 
███ █ █ ███ ███ 
█   █ █ █     █ 
███ ███ ███ ███ 

January
 MO TU WE TH FR SA SU
                    1
  2  3  4  5  6  7  8
  9 10 11 12 13 14 15
 16 17 18 19 20 21 22
 23 24 25 26 27 28 29
 30 31
February
 MO TU WE TH FR SA SU
        1  2  3  4  5
  6  7  8  9 10 11 12
 13 14 15 16 17 18 19
 20 21 22 23 24 25 26
 27 28
March
 MO TU WE TH FR SA SU
        1  2  3  4  5
  6  7  8  9 10 11 12
 13 14 15 16 17 18 19
 20 21 22 23 24 25 26
 27 28 29 30 31
April
 MO TU WE TH FR SA SU
                 1  2
  3  4  5  6  7  8  9
 10 11 12 13 14 15 16
 17 18 19 20 21 22 23
 24 25 26 27 28 29 30

May
 MO TU WE TH FR SA SU
  1  2  3  4  5  6  7
  8  9 10 11 12 13 14
 15 16 17 18 19 20 21
 22 23 24 25 26 27 28
 29 30 31
June
 MO TU WE TH FR SA SU
           1  2  3  4
  5  6  7  8  9 10 11
 12 13 14 15 16 17 18
 19 20 21 22 23 24 25
 26 27 28 29 30
July
 MO TU WE TH FR SA SU
                 1  2
  3  4  5  6  7  8  9
 10 11 12 13 14 15 16
 17 18 19 20 21 22 23
 24 25 26 27 28 29 30
 31
August
 MO TU WE TH FR SA SU
     1  2  3  4  5  6
  7  8  9 10 11 12 13
 14 15 16 17 18 19 20
 21 22 23 24 25 26 27
 28 29 30 31
September
 MO TU WE TH FR SA SU
              1  2  3
  4  5  6  7  8  9 10
 11 12 13 14 15 16 17
 18 19 20 21 22 23 24
 25 26 27 28 29 30
October
 MO TU WE TH FR SA SU
                    1
  2  3  4  5  6  7  8
  9 10 11 12 13 14 15
 16 17 18 19 20 21 22
 23 24 25 26 27 28 29
 30 31
November
 MO TU WE TH FR SA SU
        1  2  3  4  5
  6  7  8  9 10 11 12
 13 14 15 16 17 18 19
 20 21 22 23 24 25 26
 27 28 29 30
December
 MO TU WE TH FR SA SU
              1  2  3
  4  5  6  7  8  9 10
 11 12 13 14 15 16 17
 18 19 20 21 22 23 24
 25 26 27 28 29 30 31

